0
-0.001493685
-0.00299485
-0.004503516
-0.006019705
-0.007543436
-0.009074732
-0.010613612
-0.012160098
-0.013714208
-0.015275964
-0.016845386
-0.018422493
-0.020007305
-0.021599843
-0.023200124
-0.024808169
-0.026423996
-0.028047626
-0.029679075
-0.031318364
-0.032965509
-0.034620531
-0.036283445
-0.037954272
-0.039633027
-0.041319728
-0.043014393
-0.044717038
-0.046427681
-0.048146337
-0.049873023
-0.051607755
-0.053350549
-0.05510142
-0.056860383
-0.058627454
-0.060402648
-0.062185978
-0.063977458
-0.065777104
-0.067584928
-0.069400944
-0.071225164
-0.073057602
-0.07489827
-0.076747179
-0.078604341
-0.080469769
-0.082343472
-0.084225462
-0.086115749
-0.088014342
-0.089921252
-0.091836487
-0.093760056
-0.095691969
-0.097632232
-0.099580853
-0.10153784
-0.103503199
-0.105476936
-0.107459058
-0.10944957
-0.111448477
-0.113455783
-0.115471493
-0.117495609
-0.119528136
-0.121569074
-0.123618428
-0.125676197
-0.127742384
-0.129816988
-0.131900009
-0.133991448
-0.136091302
-0.138199569
-0.140316248
-0.142441335
-0.144574828
-0.146716721
-0.148867009
-0.151025688
-0.153192752
-0.155368193
-0.157552004
-0.159744177
-0.161944704
-0.164153574
-0.166370777
-0.168596304
-0.170830141
-0.173072277
-0.175322698
-0.177581391
-0.17984834
-0.182123531
-0.184406946
-0.186698569
-0.188998382
-0.191306367
-0.193622502
-0.195946768
-0.198279144
-0.200619606
-0.202968132
-0.205324698
-0.207689279
-0.210061848
-0.212442378
-0.214830842
-0.217227211
-0.219631454
-0.22204354
-0.224463438
-0.226891114
-0.229326535
-0.231769664
-0.234220466
-0.236678903
-0.239144937
-0.241618527
-0.244099633
-0.246588213
-0.249084224
-0.25158762
-0.254098357
-0.256616387
-0.259141663
-0.261674134
-0.26421375
-0.266760459
-0.269314207
-0.27187494
-0.274442601
-0.277017134
-0.279598478
-0.282186575
-0.284781361
-0.287382774
-0.289990749
-0.29260522
-0.295226119
-0.297853378
-0.300486924
-0.303126686
-0.305772591
-0.308424561
-0.311082521
-0.313746391
-0.316416091
-0.319091539
-0.321772651
-0.32445934
-0.327151521
-0.329849103
-0.332551996
-0.335260107
-0.337973341
-0.340691602
-0.343414792
-0.34614281
-0.348875554
-0.35161292
-0.354354802
-0.357101093
-0.359851681
-0.362606454
-0.3653653
-0.3681281
-0.370894738
-0.373665092
-0.37643904
-0.379216457
-0.381997216
-0.384781187
-0.38756824
-0.390358241
-0.393151053
-0.395946538
-0.398744556
-0.401544963
-0.404347614
-0.407152361
-0.409959054
-0.41276754
-0.415577664
-0.418389268
-0.421202191
-0.424016271
-0.426831343
-0.429647238
-0.432463785
-0.435280812
-0.438098141
-0.440915595
-0.443732992
-0.446550148
-0.449366875
-0.452182983
-0.454998281
-0.457812571
-0.460625657
-0.463437336
-0.466247404
-0.469055654
-0.471861875
-0.474665855
-0.477467376
-0.48026622
-0.483062164
-0.485854982
-0.488644446
-0.491430323
-0.494212379
-0.496990375
-0.499764069
-0.502533217
-0.505297571
-0.508056878
-0.510810886
-0.513559334
-0.516301962
-0.519038504
-0.521768693
-0.524492256
-0.527208919
-0.529918402
-0.532620422
-0.535314695
-0.538000931
-0.540678836
-0.543348114
-0.546008465
-0.548659585
-0.551301166
-0.553932897
-0.556554462
-0.559165544
-0.561765819
-0.564354962
-0.566932642
-0.569498525
-0.572052274
-0.574593547
-0.577121999
-0.579637281
-0.582139039
-0.584626917
-0.587100552
-0.589559582
-0.592003636
-0.594432342
-0.596845323
-0.599242198
-0.601622583
-0.603986089
-0.606332323
-0.608660888
-0.610971384
-0.613263406
-0.615536545
-0.617790387
-0.620024517
-0.622238513
-0.62443195
-0.626604398
-0.628755425
-0.630884594
-0.632991463
-0.635075587
-0.637136516
-0.639173797
-0.641186972
-0.643175581
-0.645139157
-0.64707723
-0.648989328
-0.650874973
-0.652733683
-0.654564973
-0.656368353
-0.658143329
-0.659889405
-0.66160608
-0.663292847
-0.664949198
-0.666574621
-0.668168598
-0.66973061
-0.671260132
-0.672756636
-0.674219591
-0.675648461
-0.677042708
-0.67840179
-0.67972516
-0.681012268
-0.682262563
-0.683475488
-0.684650482
-0.685786984
-0.686884426
-0.68794224
-0.688959853
-0.689936688
-0.690872168
-0.69176571
-0.692616731
-0.693424641
-0.694188852
-0.694908771
-0.695583801
-0.696213345
-0.696796802
-0.697333569
-0.697823041
-0.698264611
-0.698657669
-0.699001603
-0.6992958
-0.699539645
-0.69973252
-0.699873807
-0.699962885
-0.699999134
-0.69998193
-0.699910649
-0.699784666
-0.699603355
-0.69936609
-0.699072243
-0.698721185
-0.69831229
-0.697844927
-0.697318469
-0.696732287
-0.696085752
-0.695378236
-0.694609113
-0.693777754
-0.692883535
-0.691925829
-0.690904014
-0.689817467
-0.688665568
-0.687447696
-0.686163236
-0.684811573
-0.683392093
-0.681904187
-0.680347248
-0.678720671
-0.677023855
-0.675256204
-0.673417122
-0.67150602
-0.669522311
-0.667465415
-0.665334755
-0.663129757
-0.660849855
-0.658494488
-0.6560631
-0.65355514
-0.650970064
-0.648307336
-0.645566424
-0.642746805
-0.639847963
-0.636869388
-0.633810581
-0.630671048
-0.627450306
-0.62414788
-0.620763304
-0.617296121
-0.613745885
-0.61011216
-0.60639452
-0.602592551
-0.598705848
-0.594734021
-0.590676688
-0.586533483
-0.58230405
-0.577988048
-0.573585148
-0.569095037
-0.564517413
-0.559851992
-0.555098503
-0.550256692
-0.545326318
-0.54030716
-0.535199012
-0.530001684
-0.524715006
-0.519338824
-0.513873004
-0.50831743
-0.502672005
-0.496936653
-0.491111319
-0.485195965
-0.479190578
-0.473095166
-0.466909757
-0.460634404
-0.454269182
-0.44781419
-0.44126955
-0.434635411
-0.427911945
-0.421099349
-0.414197849
-0.407207694
-0.400129162
-0.39296256
-0.385708219
-0.378366502
-0.370937801
-0.363422534
-0.355821155
-0.348134142
-0.34036201
-0.332505302
-0.324564595
-0.316540497
-0.30843365
-0.30024473
-0.291974447
-0.283623546
-0.275192807
-0.266683045
-0.258095113
-0.249429898
-0.240688326
-0.231871361
-0.222980005
-0.214015298
-0.20497832
-0.195870189
-0.186692065
-0.177445149
-0.16813068
-0.158749942
-0.149304258
-0.139794996
-0.130223565
-0.120591418
-0.110900052
-0.101151006
-0.091345865
-0.081486261
-0.071573867
-0.061610403
-0.051597637
-0.041537381
-0.031431494
-0.021281882
-0.011090499
-0.000859344
0.009409533
0.019714037
0.030052023
0.040421298
0.050819621
0.061244701
0.071694201
0.082165731
0.092656856
0.103165087
0.11368789
0.12422268
0.134766822
0.145317633
0.15587238
0.16642828
0.176982503
0.187532168
0.198074345
0.208606057
0.219124277
0.229625931
0.240107895
0.250567
0.261000027
0.271403712
0.281774743
0.292109764
0.30240537
0.312658114
0.322864502
0.333020999
0.343124024
0.353169954
0.363155126
0.373075832
0.382928328
0.392708827
0.402413507
0.412038505
0.421579923
0.431033828
0.440396251
0.449663193
0.458830618
0.467894463
0.476850635
0.485695012
0.494423446
0.503031762
0.511515764
0.519871233
0.528093928
0.536179592
0.544123948
0.551922707
0.559571563
0.567066203
0.574402302
0.581575527
0.588581542
0.595416008
0.602074583
0.60855293
0.614846712
0.620951603
0.626863283
0.632577444
0.638089793
0.643396054
0.648491968
0.653373303
0.658035849
0.662475426
0.666687884
0.670669109
0.674415024
0.677921593
0.681184824
0.684200772
0.686965544
0.689475301
0.691726261
0.693714704
0.695436975
0.696889489
0.698068731
0.698971265
0.699593733
0.699932863
0.699985469
0.699748458
0.699218835
0.698393702
0.697270267
0.695845847
0.694117869
0.692083881
0.68974155
0.687088668
0.684123158
0.680843077
0.67724662
0.673332127
0.669098083
0.664543127
0.659666053
0.654465816
0.648941537
0.643092506
0.636918186
0.630418222
0.623592439
0.616440849
0.608963658
0.601161266
0.593034274
0.584583488
0.575809922
0.566714803
0.557299576
0.547565904
0.53751568
0.52715102
0.516474278
0.505488041
0.494195137
0.482598637
0.470701859
0.458508373
0.446022
0.433246817
0.420187163
0.406847638
0.393233104
0.379348694
0.365199809
0.350792119
0.336131572
0.321224386
0.30607706
0.290696368
0.275089365
0.259263384
0.24322604
0.226985228
0.210549125
0.193926187
0.177125153
0.160155041
0.143025145
0.125745041
0.10832458
0.090773884
0.07310335
0.055323645
0.037445701
0.019480714
0.001440138
-0.016664313
-0.034820677
-0.053016744
-0.07124006
-0.089477938
-0.107717459
-0.125945478
-0.144148634
-0.162313355
-0.180425865
-0.198472196
-0.216438188
-0.234309507
-0.25207165
-0.269709953
-0.287209604
-0.304555653
-0.321733023
-0.338726521
-0.355520851
-0.372100624
-0.388450375
-0.404554573
-0.420397636
-0.435963945
-0.45123786
-0.466203734
-0.480845927
-0.495148828
-0.509096864
-0.522674522
-0.535866365
-0.548657051
-0.561031347
-0.572974154
-0.584470521
-0.595505668
-0.606065001
-0.616134137
-0.625698924
-0.634745457
-0.643260105
-0.651229528
-0.658640703
-0.66548094
-0.67173791
-0.677399663
-0.682454652
-0.686891757
-0.690700305
-0.693870095
-0.696391419
-0.698255086
-0.699452446
-0.699975411
-0.699816478
-0.69896875
-0.697425965
-0.695182511
-0.69223345
-0.688574543
-0.684202268
-0.679113843
-0.673307247
-0.666781238
-0.659535375
-0.651570039
-0.642886445
-0.63348667
-0.623373662
-0.61255126
-0.60102421
-0.588798182
-0.575879778
-0.562276552
-0.547997021
-0.53305067
-0.517447972
-0.501200387
-0.484320379
-0.466821414
-0.448717971
-0.430025544
-0.410760642
-0.390940794
-0.370584544
-0.349711452
-0.328342088
-0.306498027
-0.284201841
-0.26147709
-0.238348312
-0.214841008
-0.190981629
-0.166797557
-0.142317089
-0.117569411
-0.092584581
-0.0673935
-0.042027887
-0.016520245
0.009096165
0.034787362
0.060518677
0.086254798
0.111959803
0.137597209
0.163130011
0.188520738
0.213731494
0.238724012
0.263459713
0.287899755
0.312005096
0.335736551
0.359054859
0.38192074
0.404294971
0.426138443
0.44741224
0.468077706
0.48809652
0.507430769
0.526043025
0.543896423
0.560954741
0.577182475
0.592544924
0.607008272
0.620539665
0.633107302
0.644680508
0.655229826
0.664727096
0.67314554
0.680459842
0.686646233
0.691682573
0.695548427
0.698225151
0.699695964
0.699946029
0.698962522
0.696734713
0.693254027
0.688514118
0.68251093
0.67524276
0.666710319
0.656916783
0.645867843
0.633571759
0.620039395
0.605284259
0.58932254
0.572173132
0.553857655
0.534400479
0.51382873
0.492172293
0.469463818
0.445738706
0.421035099
0.395393855
0.368858521
0.341475299
0.313293001
0.284362996
0.254739156
0.224477786
0.193637551
0.162279393
0.130466441
0.09826391
0.065738995
0.032960758
0